62067
139372
86018
86018
29944
136675
62853
29944
115189
86018
29571
102156
136675
75615
62067
31113
47573
136675
31113
47573
136675
10054
136675
75615
139372
47573
128520
136675
71874
29944
115189
136675
100889
41247
136675
90646
31113
141007
58075
122951
100889
136675
125429
10054
47573
139372
29571
136675
34705
57555
91101
136675
139372
122414
137980
115189
41247
78296
128520
29944
115189
102156
62215
132853
62067
29944
78296
139372
136675
41247
29944
122951
136675
139372
122414
12381
29944
41247
136675
31113
128520
65574
62215
132853
90646
41247
136675
149567
34705
65574
76544
31113
141007
62067
128520
62215
132853
